-0.9939845283834255
-0.9969627568837798
-0.9999422341491949
-1.002922822117213
-1.0059043809580948
-1.0088867690718164
-1.0118698430854618
-1.0148534578510147
-1.0178374664435665
-1.0208217201599414
-1.0238060685177546
-1.0267903592549075
-1.0297744383295346
-1.0327581499204077
-1.035741336427807
-1.0387238384748678
-1.0417054949094167
-1.0446861428062983
-1.0476656174702133
-1.0506437524390613
-1.053620379487814
-1.0565953286329173
-1.059568428137233
-1.0625395045155324
-1.0655083825405502
-1.068474885249601
-1.071438833951778
-1.0744000482357312
-1.0773583459780456
-1.080313543352216
-1.0832654548382343
-1.0862138932327965
-1.0891586696601356
-1.092099593583488
-1.0950364728172044
-1.0979691135395102
-1.100897320305923
-1.103820896063335
-1.1067396421647702
-1.109653358384814
-1.1125618429357385
-1.1154648924843071
-1.1183623021692928
-1.1212538656196855
-1.1241393749736222
-1.1270186208980253
-1.1298913926089666
-1.1327574778927538
-1.1356166631277511
-1.1384687333069334
-1.1413134720611815
-1.1441506616833172
-1.146980083152892
-1.1498015161617179
-1.152614739140158
-1.1554195292841671
-1.158215662583096
-1.1610029138482476
-1.1637810567422022
-1.1665498638088971
-1.1693091065044738
-1.1720585552288865
-1.174797979358271
-1.1775271472780784
-1.180245826416968
-1.1829537832814605
-1.1856507834913477
-1.1883365918158577
-1.1910109722105713
-1.1936736878550898
-1.1963245011914454
-1.1989631739632511
-1.2015894672555925
-1.2042031415356418
-1.206803956694006
-1.209391672086784
-1.211966046578344
-1.2145268385847983
-1.2170738061181827
-1.219606706831315
-1.2221252980633392
-1.224629336885937
-1.2271185801501987
-1.229592784534146
-1.2320517065908891
-1.2344951027974125
-1.2369227296039742
-1.2393343434841084
-1.2417297009852122
-1.2441085587797107
-1.2464706737167794
-1.2488158028746126
-1.251143703613222
-1.2534541336277445
-1.2557468510022525
-1.2580216142640397
-1.26027818243837
-1.2625163151036698
-1.2647357724471442
-1.2669363153208022
-1.269117705297862
-1.2712797047295277
-1.2734220768021058
-1.275544585594449
-1.2776469961356967
-1.2797290744633016
-1.2817905876813058
-1.2838313040188538
-1.2858509928889161
-1.2878494249471963
-1.2898263721512
-1.2917816078194397
-1.2937149066907527
-1.2956260449837003
-1.2975148004560293
-1.2993809524641664
-1.301224282022717
-1.3030445718639432
-1.304841606497195
-1.306615172268264
-1.3083650574186345
-1.3100910521446012
-1.3117929486562274
-1.3134705412361136
-1.3151236262979493
-1.3167520024448176
-1.3183554705272227
-1.3199338337008153
-1.3214868974837803
-1.3230144698138624
-1.324516361104998
-1.3259923843035266
-1.3274423549439445
-1.3288660912041825
-1.3302634139603693
-1.3316341468410526
-1.3329781162808554
-1.3342951515735277
-1.335585084924371
-1.3368477515020083
-1.3380829894894628
-1.3392906401345286
-1.3404705477993895
-1.341622560009475
-1.3427465275015136
-1.3438423042707557
-1.344909747617351
-1.3459487181918388
-1.3469590800397326
-1.3479407006451725
-1.348893450973619
-1.3498172055135613
-1.3507118423172175
-1.3515772430402022
-1.3524132929801371
-1.3532198811141813
-1.3539969001354595
-1.3547442464883657
-1.3554618204027191
-1.3561495259267586
-1.3568072709589405
-1.357434967278542
-1.358032530575027
-1.3585998804761783
-1.359136940574965
-1.3596436384551294
-1.3601199057154865
-1.3605656779929094
-1.360980894983997
-1.3613655004653995
-1.3617194423127996
-1.362042672518531
-1.3623351472078202
-1.3625968266536552
-1.3628276752902522
-1.3630276617251293
-1.3631967587497682
-1.3633349433488635
-1.3634421967081474
-1.3635185042207942
-1.3635638554923917
-1.3635782443444797
-1.3635616688166547
-1.3635141311672374
-1.3634356378725043
-1.36332619962448
-1.3631858313273
-1.3630145520921346
-1.3628123852306873
-1.3625793582472676
-1.362315502829442
-1.3620208548372716
-1.3616954542911426
-1.3613393453581948
-1.3609525763373627
-1.3605351996430308
-1.3600872717873194
-1.3596088533610107
-1.3591000090131242
-1.3585608074291593
-1.3579913213080141
-1.3573916273375952
-1.3567618061691402
-1.3561019423902594
-1.3554121244967172
-1.3546924448629767
-1.353942999711514
-1.3531638890809323
-1.3523552167928865
-1.3515170904178437
-1.3506496212397021
-1.3497529242192836
-1.348827117956723
-1.3478723246527873
-1.3468886700691298
-1.3458762834875215
-1.34483529766807
-1.3437658488064577
-1.3426680764902235
-1.3415421236541127
-1.3403881365345225
-1.3392062646230667
-1.3379966606192895
-1.336759480382557
-1.335494882883147
-1.3342030301525736
-1.3328840872331682
-1.3315382221269487
-1.3301656057438045
-1.3287664118490259
-1.327340817010207
-1.325889000543553
-1.324411144459614
-1.3229074334084896
-1.3213780546245142
-1.3198231978704675
-1.3182430553813378
-1.3166378218076582
-1.3150076941584545
-1.3133528717438332
-1.3116735561172332
-1.3099699510173788
-1.3082422623099559
-1.3064906979290438
-1.3047154678183335
-1.3029167838721563
-1.301094859876355
-1.2992499114490272
-1.2973821559811616
-1.2954918125772055
-1.2935791019955836
-1.2916442465891984
-1.2896874702459369
-1.2877089983292136
-1.285709057618576
-1.2836878762503916
-1.281645683658657
-1.2795827105159334
-1.277499188674456
-1.2753953511074216
-1.2732714318504963
-1.2711276659435482
-1.268964289372649
-1.2667815390123478
-1.264579652568254
-1.2623588685199378
-1.2601194260641866
-1.25786156505862
-1.2555855259656972
-1.2532915497971262
-1.2509798780587058
-1.2486507526956054
-1.2463044160381147
-1.2439411107478675
-1.2415610797645698
-1.239164566253236
-1.2367518135519628
-1.2343230651202404
-1.2318785644878325
-1.2294185552042272
-1.226943280788678
-1.2244529846808472
-1.2219479101920645
-1.2194283004572122
-1.2168943983872518
-1.2143464466223965
-1.2117846874859466
-1.2092093629387959
-1.2066207145346162
-1.2040189833757338
-1.201404410069696
-1.1987772346865526
-1.1961376967168422
-1.1934860350302987
-1.1908224878352864
-1.1881472926389631
-1.1854606862081793
-1.182762904531122
-1.1800541827796995
-1.177334755272677
-1.1746048554395654
-1.1718647157852655
-1.1691145678554669
-1.1663546422028106
-1.163585168353808
-1.1608063747765265
-1.158018488849033
-1.1552217368286035
-1.1524163438216932
-1.149602533754672
-1.1467805293453126
-1.1439505520750481
-1.14111282216198
-1.1382675585346431
-1.1354149788065266
-1.1325552992513392
-1.1296887347790254
-1.1268154989125236
-1.123935803765264
-1.1210498600194
-1.118157876904771
-1.115260062178593
-1.1123566221058672
-1.109447761440505
-1.1065336834071642
-1.1036145896837872
-1.100690680384839
-1.0977621540452374
-1.094829207604964
-1.0918920363943603
-1.0889508341200906
-1.0860057928517717
-1.0830571030092568
-1.080104953350573
-1.077149530960499
-1.0741910212397745
-1.071229607894941
-1.0682654729287953
-1.065298796631456
-1.0623297575720336
-1.059358532590886
-1.0563852967924685
-1.0534102235387508
-1.0504334844432066
-1.0474552493653602
-1.0444756864058795
-1.0414949619022138
-1.0385132404247606
-1.0355306847735533
-1.0325474559754646
-1.0295637132819109
-1.0265796141670545
-1.0235953143264889
-1.0206109676763992
-1.0176267263531942
-1.0146427407135896
-1.0116591593351445
-1.0086761290172328
-1.0056937947824505
-1.002712299878435
-0.9997317857801017
-0.9967523921922826
-0.9937742570527534
-0.9907975165356482
-0.9878223050552474
-0.9848487552701305
-0.9818769980876862
-0.9789071626689705
-0.975939376433901
-0.9729737650667837
-0.9700104525221589
-0.9670495610309614
-0.9640912111069799
-0.9611355215536173
-0.9581826094709319
-0.9552325902629609
-0.9522855776453113
-0.9493416836530114
-0.9464010186486184
-0.9434636913305692
-0.9405298087417674
-0.9375994762784032
-0.9346727976989896
-0.9317498751336164
-0.9288308090934084
-0.925915698480183
-0.9230046405962983
-0.9200977311546843
-0.9171950642890518
-0.9142967325642727
-0.9114028269869167
-0.9085134370159502
-0.9056286505735806
-0.9027485540562424
-0.89987323234572
-0.8970027688203996
-0.894137245366643
-0.8912767423902772
-0.8884213388281961
-0.8855711121600657
-0.8827261384201254
-0.879886492209087
-0.8770522467061133
-0.8742234736808844
-0.8714002435057363
-0.8685826251678709
-0.8657706862816295
-0.8629644931008288
-0.860164110531149
-0.8573696021425746
-0.8545810301818773
-0.8517984555851413
-0.8490219379903235
-0.8462515357498455
-0.8434873059432112
-0.8407293043896468
-0.8379775856607613
-0.835232203093219
-0.8324932088014224
-0.8297606536902001
-0.8270345874675019
-0.8243150586570854
-0.8216021146112038
-0.8188958015232826
-0.8161961644405821
-0.813503247276852
-0.8108170928249588
-0.808137742769496
-0.8054652376993707
-0.8027996171203599
-0.8001409194676381
-0.7974891821182705
-0.7948444414036694
-0.7922067326220159
-0.7895760900506351
-0.7869525469583307
-0.7843361356176748
-0.781726887317244
-0.7791248323738134
-0.7765300001444884
-0.7739424190387889
-0.771362116530674
-0.7687891191705082
-0.7662234525969666
-0.7636651415488785
-0.7611142098770071
-0.758570680555763
-0.7560345756948508
-0.7535059165508459
-0.7509847235387032
-0.7484710162431918
-0.7459648134302591
-0.743466133058319
-0.7409749922894648
-0.738491407500607
-0.736015394294532
-0.7335469675108812
-0.731086141237056
-0.7286329288190329
-0.7261873428721062
-0.7237493952915429
-0.7213190972631576
-0.7188964592738004
-0.7164814911217641
-0.714074201927103
-0.711674600141868
-0.7092826935602565
-0.7068984893286709
-0.7045219939556963
-0.702153213321985
-0.6997921526900565
-0.6974388167140086
-0.6950932094491384
-0.6927553343614749
-0.6904251943372248
-0.688102791692126
-0.685788128180712
-0.6834812050054896
-0.6811820228260228
-0.6788905817679302
-0.6766068814317899
-0.6743309209019576
-0.6720626987552928
-0.6698022130697945
-0.6675494614331502
-0.6653044409511933
-0.6630671482562713
-0.660837579515523
-0.6586157304390714
-0.6564015962881236
-0.654195171882982
-0.6519964516109689
-0.649805429434262
-0.647622098897643
-0.6454464531361568
-0.643278484882684
-0.641118186475428
-0.6389655498653118
-0.6368205666232947
-0.6346832279475957
-0.632553524670837
-0.6304314472671002
-0.6283169858588987
-0.6262101302240655
-0.6241108698025555
-0.6220191937031687
-0.6199350907101865
-0.6178585492899288
-0.6157895575972258
-0.6137281034818135
-0.6116741744946431
-0.6096277578941136
-0.6075888406522235
-0.6055574094606441
-0.6035334507367123
-0.6015169506293492
-0.5995078950248951
-0.5975062695528748
-0.5955120595916809
-0.5935252502741842
-0.591545826493268
-0.5895737729072885
-0.58760907394546
-0.5856517138131683
-0.583701676497211
-0.5817589457709647
-0.5798235051994811
-0.5778953381445137
-0.575974427769472
-0.5740607570443078
-0.5721543087503312
-0.5702550654849587
-0.5683630096663955
-0.5664781235382456
-0.5646003891740629
-0.5627297884818278
-0.5608663032083666
-0.5590099149437014
-0.557160605125337
-0.5553183550424858
-0.5534831458402292
-0.5516549585236148
-0.5498337739616987
-0.5480195728915183
-0.5462123359220108
-0.5444120435378728
-0.5426186761033553
-0.5408322138660067
-0.5390526369603553
-0.5372799254115335
-0.5355140591388486
-0.5337550179592967
-0.5320027815910193
-0.5302573296567088
-0.5285186416869591
-0.5267866971235602
-0.5250614753227435
-0.5233429555583746
-0.521631117025092
-0.5199259388413968
-0.5182274000526937
-0.5165354796342781
-0.514850156494279
-0.5131714094765484
-0.5114992173635062
-0.5098335588789384
-0.5081744126907431
-0.5065217574136386
-0.5048755716118161
-0.5032358338015568
-0.501602522453798
-0.4999756159966573
-0.4983550928179132
-0.4967409312674439
-0.49513310965962176
-0.4935316062756678
-0.49193639936596273
-0.49034746715232047
-0.48876478783021726
-0.4871883395709861
-0.4856181005239661
-0.4840540488186189
-0.4824961625666032
-0.48094441986381276
-0.4793987987923769
-0.4778592774226256
-0.47632583381501686
-0.47479844602202914
-0.4732770920900184
-0.4717617500610397
-0.4702523979746366
-0.46874901386959406
-0.46725157578566096
-0.46576006176523693
-0.46427444985502814
-0.4627947181076713
-0.461320844583326
-0.45985280735123485
-0.4583905844912549
-0.45693415409535776
-0.4554834942690992
-0.4540385831330618
-0.45259939882426486
-0.45116591949755
-0.44973812332693575
-0.4483159885069456
-0.4468994932539076
-0.44548861580722954
-0.44408333443064474
-0.4426836274134323
-0.44128947307161487
-0.43990084974912547
-0.4385177358189537
-0.43714010968426603
-0.435767949779501
-0.43440123457144153
-0.4330399425602632
-0.4316840522805607
-0.4303335423023477
-0.42898839123203897
-0.42764857771340786
-0.42631408042852165
-0.42498487809865604
-0.42366094948518906
-0.42234227339047364
-0.4210288286586887
-0.419720594176672
-0.41841754887473176
-0.4171196717274392
-0.4158269417544016
-0.4145393380210164
-0.4132568396392071
-0.41197942576814045
-0.4107070756149252
-0.40943976843529395
-0.4081774835342671
-0.4069202002667993
-0.40566789803840875
-0.4044205563057912
-0.4031781545774162
-0.40194067241410725
-0.4007080894296077
-0.3994803852911283
-0.3982575397198823
-0.3970395324916026
-0.39582634343704776
-0.394617952442489
-0.3934143394501855
-0.39221548445884713
-0.3910213675240785
-0.3898319687588132
-0.3886472683337346
-0.3874672464776803
-0.3862918834780384
-0.3851211596811258
-0.3839550554925573
-0.38279355137760296
-0.3816366278615303
-0.3804842655299363
-0.3793364450290695
-0.3781931470661361
-0.3770543524095999
-0.3759200418894669
-0.3747901963975621
-0.3736647968877937
-0.3725438243764068
-0.3714272599422293
-0.37031508472690294
-0.3692072799351094
-0.36810382683478304
-0.3670047067573163
-0.36590990109775373
-0.36481939131497837
-0.3637331589318877
-0.36265118553556214
-0.36157345277742353
-0.3604999423733853
-0.35943063610399434
-0.3583655158145648
-0.35730456341530326
-0.3562477608814265
-0.3551950902532706
-0.3541465336363924
-0.353102073201666
-0.3520616911853669
-0.35102536988925287
-0.3499930916806372
-0.34896483899245356
-0.34794059432331415
-0.3469203402375631
-0.34590405936532026
-0.3448917344025215
-0.343883348110951
-0.34287888331826627
-0.34187832291802095
-0.3408816498696766
-0.33988884719861323
-0.33889989799613107
-0.3379147854194475
-0.33693349269169
-0.3359560031018804