3.257257129536076
3.258800436227689
3.260363060755396
3.2619450985346683
3.2635466441739442
3.265167791446637
3.2668086332628463
3.2684692616407816
3.2701497676778994
3.271850241521766
3.2735707723406353
3.2753114482937655
3.277072356501462
3.278853583014865
3.2806552127854802
3.2824773296344616
3.2843200162216477
3.286183354014369
3.288067423256015
3.2899723029343897
3.29189807074984
3.293844803083185
3.295812574963437
3.297801460035337
3.2998115305266995
3.3018428572155836
3.3038955093972984
3.3059695548512487
3.3080650598076318
3.3101820889139963
3.3123207052016714
3.3144809700520765
3.3166629431629255
3.31886668251433
3.3210922443348174
3.3233396830672755
3.325609051334833
3.3279003999066865
3.3302137776638934
3.332549231565132
3.3349068066124548
3.337286545817034
3.3396884901649266
3.342112678582862
3.3445591479040706
3.347027932834167
3.3495190659171046
3.352032577501209
3.354568495705317
3.3571268463850235
3.3597076530990635
3.3623109370758324
3.3649367171800764
3.367585009879753
3.370255829213092
3.37294918675586
3.375665091588859
3.3784035502656686
3.381164566780647
3.3839481425372147
3.386754276316436
3.389582964245914
3.3924341997690193
3.39530797361447
3.398204273766285
3.401123085434122
3.4040643910240234
3.407028170109588
3.4100143994035905
3.4130230527300616
3.4160541009968517
3.4191075121686967
3.4221832512408077
3.4252812802129964
3.4284015580643654
3.4315440407285736
3.4347086810697043
3.437895428858748
3.4411042307507245
3.444335030262459
3.447587767751039
3.4508623803929623
3.454158802163998
3.457476963819788
3.4608167928771922
3.46417821359641
3.4675611469638894
3.4709655106760477
3.474391219123813
3.477838183378017
3.481306311175644
3.484795506906968
3.488305671603581
3.491836702927341
3.4953884951602485
3.4989609391952765
3.502553922528163
3.5061673292501845
3.509801040041928
3.5134549321680746
3.5171288794732116
3.5208227523786846
3.5245364178805083
3.528269739548344
3.5320225775255643
3.535794788530409
3.5395862258582538
3.5433967393849954
3.547226175571571
3.551074377469618
3.5549411847282877
3.558826433602218
3.5627299569606827
3.5666515842979143
3.57059114174462
3.574548452080688
3.5785233347491
3.5825156058710443
3.5865250782622504
3.5905515614505323
3.5945948616945613
3.598654782003856
3.602731122160004
3.606823678739112
3.610932245135484
3.6150566115865312
3.619196565198912
3.6233518899759
3.627522366845979
3.6317077736926593
3.6359078853855222
3.6401224738124713
3.6443513079131993
3.6485941537138618
3.6528507743629453
3.65712093016833
3.6614043786355306
3.6657008745071185
3.6700101698032963
3.6743320138636375
3.678666153389956
3.683012332490316
3.6873702927241454
3.691739773148465
3.6961205103651893
3.700512238569514
3.704914689599351
3.7093275929857974
3.713750676004638
3.7181836637288375
3.722626279082021
3.7270782428929174
3.731539273950741
3.736009089061496
3.7404874031051807
3.744973929093861
3.7494683782305995
3.753970459969215
3.7584798820748366
3.7629963506852393
3.7675195703729343
3.7720492442079725
3.776585073821457
3.781126759469717
3.7856740000991254
3.7902264934115273
3.794783935930252
3.7993460230666773
3.8039124491873135
3.8084829076813884
3.8130570910288797
3.817634690868989
3.8222153980690066
3.8267989027935427
3.8313848945740965
3.835973062378915
3.8405630946831346
3.845154679539144
3.849747504647155
3.854341257425938
3.8589356250836935
3.863530294689024
3.868124953241972
3.8727192877450882
3.877312985274503
3.88190573305096
3.8864972185107804
3.8910871293767277
3.89567515372873
3.90026098007444
3.9048442974195856
3.9094247953380847
3.9140021640418916
3.9185760944505423
3.923146278260357
3.927712408013284
3.9322741771653362
3.9368312801546037
3.9413834124687934
3.945930270712282
3.950471552672644
3.9550069573866216
3.9595361852055095
3.9640589378599316
3.9685749185239674
3.9730838318786117
3.977585384174536
3.9820792832941194
3.986565238812734
3.9910429620592445
3.995512166175704
3.99997256617623
4.004423879005013
4.008865823593462
4.013298120916439
4.017720494047582
4.022132668213674
4.026534370848056
4.030925331643059
4.035305282601417
4.03967395808668
4.044031094872567
4.048376432191278
4.052709711780721
4.057030677930661
4.061339077527763
4.0656346600995095
4.069917177857003
4.074186385736612
4.078442041440478
4.0826839054758395
4.086911741193203
4.091125314823315
4.095324395512946
4.099508755359482
4.103678169444302
4.107832415864949
4.111971275766083
4.116094533369214
4.12020197600121
4.12429339412158
4.128368581348521
4.132427334483748
4.136469453536084
4.14049474174382
4.144503005595849
4.1484940548515805
4.152467702559609
4.156423765075189
4.16036206207647
4.164282416579534
4.168184654952215
4.172068606926728
4.175934105611095
4.179780987499388
4.183609092480793
4.187418263847503
4.191208348301445
4.194979195959865
4.198730660359763
4.202462598461199
4.206174870649487
4.209867340736263
4.213539875959489
4.217192346982338
4.22082462789104
4.224436596191657
4.228028132805821
4.231599122065446
4.235149451706434
4.238679012861368
4.2421877000512485
4.245675411176246
4.249142047505515
4.252587513666079
4.256011717630789
4.2594145707054025
4.262795987514772
4.266155885988171
4.269494187343787
4.27281081607237
4.276105699920103
4.2793787698706485
4.28262996012646
4.285859208089317
4.289066454340137
4.292251642618083
4.295414719798958
4.2985556358729475
4.301674343921684
4.304770800094697
4.307844963585227
4.310896796605461
4.313926264361171
4.316933335025808
4.319917979714052
4.322880172454846
4.325819890163912
4.328737112615817
4.331631822415544
4.334504004969641
4.337353648456933
4.34018074379884
4.342985284629293
4.345767267264296
4.348526690671131
4.351263556437222
4.3539778687387045
4.356669634308683
4.359338862405215
4.361985564779037
4.364609755641039
4.367211451629526
4.369790671777253
4.372347437478281
4.374881772454646
4.3773937027228795
4.3798832565603725
4.382350464471619
4.384795359154345
4.387217975465535
4.38961835038738
4.391996522993163
4.394352534413077
4.396686427800013
4.3989982482953245
4.401288042994573
4.403555860913278
4.405801752952684
4.40802577186555
4.4102279722219855
4.412408410375331
4.41456714442811
4.41670423419805
4.418819741184194
4.4209137285331135
4.422986261005224
4.425037404941224
4.427067228228661
4.429075800268642
4.431063191942689
4.433029475579756
4.434974724923409
4.436899015099188
4.438802422582155
4.440685025164626
4.442546901924118
4.444388133191492
4.44620880051932
4.448008986650475
4.449788775486949
4.45154825205891
4.453287502493996
4.4550066139868765
4.45670567476904
4.4583847740788745
4.460044002131987
4.461683450091812
4.463303210040486
4.464903374950012
4.466484038653697
4.468045295817886
4.4695872419139935
4.471109973190818
4.472613586647169
4.474098180004791
4.475563851681597
4.477010700765208
4.4784388269868005
4.479848330695287
4.48123931283178
4.482611874904408
4.483966118963427
4.485302147576666
4.486620063805293
4.487919971179899
4.489201973676917
4.4904661756953645
4.491712682033903
4.492941597868241
4.494153028728851
4.495347080479026
4.4965238592932515
4.49768347163592
4.498826024240362
4.49995162408821
4.501060378389088
4.502152394560632
4.503227780208831
4.504286643108693
4.505329091185241
4.506355232494828
4.507365175206774
4.508359027585322
4.509336897971924
4.510298894767826
4.5112451264169895
4.512175701389314
4.513090728164175
4.51399031521428
4.514874570989824
4.515743603902959
4.516597522312567
4.517436434509334
4.518260448701127
4.519069672998666
4.5198642154015
4.52064418378427
4.52140968588326
4.52216082928325
4.522897721404638
4.523620469490863
4.524329180596098
4.525023961573218
4.525704919062062
4.526372159477942
4.527025789000444
4.527665913562485
4.528292638839637
4.528906070239711
4.529506312892603
4.5300934716403916
4.53066765102769
4.531228955292246
4.531777488355793
4.532313353815139
4.5328366549335
4.533347494632066
4.5338459754818095
4.534332199695518
4.534806269120057
4.535268285228859
4.535718349114635
4.536156561482303
4.536583022642136
4.536997832503117
4.537401090566509
4.537792895919632
4.53817334722984
4.538542542738698
4.538900580256364
4.539247557156158
4.539583570369323
4.539908716379981
4.540223091220264
4.540526790465641
4.540819909230409
4.541102542163375
4.5413747834436995
4.541636726776922
4.541888465391142
4.542130092033377
4.542361698966073
4.542583377963782
4.542795220309985
4.542997316794082
4.543189757708524
4.543372632846091
4.543546031497323
4.5437100424480885
4.543864753977294
4.544010253854729
4.544146629339048
4.544273967175883
4.544392353596082
4.544501874314085
4.544602614526406
4.5446946589102595
4.544778091622282
4.544852996297389
4.544919456047737
4.544977553461799
4.5450273706035516
4.545068989011764
4.545102489699399
4.545127953153111
4.5451454593328435
4.545155087671531
4.545156917074888
4.545151025921298
4.545137492061795
4.545116392820125
4.545087804992907
4.545051804849863
4.5450084681341565
4.544957870062781
4.544900085327052
4.544835188093165
4.544763252002831
4.544684350173982
4.544598555201558
4.544505939158349
4.544406573595919
4.544300529545582
4.54418787751946
4.544068687511581
4.543943028999059
4.543810970943319
4.543672581791389
4.543527929477238
4.543377081423178
4.54322010454131
4.543057065235027
4.5428880294005705
4.542713062428618
4.542532229205939
4.54234559411708
4.542153221046104
4.54195517337836
4.541751514002312
4.541542305311384
4.541327609205867
4.541107487094848
4.540881999898176
4.540651208048473
4.540415171493164
4.54017394969655
4.539927601641906
4.5396761858336125
4.539419760299315
4.539158382592106
4.538892109792743
4.538620998511881
4.538345104892342
4.538064484611394
4.537779192883062
4.537489284460458
4.537194813638129
4.536895834254429
4.536592399693907
4.536284562889707
4.535972376325997
4.535655892040403
4.535335161626464
4.5350102362361
4.534681166582088
4.534348002940561
4.534010795153511
4.533669592631305
4.533324444355209
4.532975398879929
4.5326225043361505
4.532265808433097
4.5319053584610876
4.531541201294102
4.531173383392359
4.530801950804893
4.530426949172138
4.530048423728518
4.529666419305036
4.529280980331873
4.528892150840985
4.528499974468699
4.528104494458321
4.527705753662738
4.527303794547014
4.526898659191004
4.52649038929195
4.526079026167083
4.525664610756228
4.525247183624399
4.5248267849643975
4.524403454599407
4.523977231985583
4.523548156214641
4.523116266016439
4.52268159976156
4.522244195463886
4.521804090783165
4.521361323027581
4.520915929156311
4.520467945782077
4.520017409173693
4.519564355258614
4.5191088196254565
4.518650837526534
4.5181904438803775
4.517727673274241
4.517262559966609
4.516795137889696
4.516325440651926
4.515853501540417
4.515379353523451
4.51490302925293
4.514424561066835
4.513943980991661
4.513461320744852
4.512976611737231
4.5124898850753965
4.512001171564141
4.511510501708834
4.5110179057178055
4.5105234135047185
4.5100270546909265
4.509528858607823
4.50902885429918
4.508527070523476
4.508023535756208
4.5075182781921965
4.507011325747878
4.506502706063586
4.505992446505815
4.5054805741694866
4.504967115880183
4.504452098196388
4.5039355474117
4.503417489557046
4.502897950402877
4.5023769554613455
4.5018545299884805
4.501330698986349
4.500805487205192
4.500278919145568
4.499751019060466
4.499221810957415
4.498691318600581
4.498159565512844
4.497626574977874
4.4970923700421785
4.496556973517152
4.496020407981106
4.495482695781282
4.4949438590358595
4.494403919635946
4.493862899247554
4.493320819313569
4.492777701055698
4.492233565476414
4.491688433360875
4.491142325278844
4.4905952615865825
4.490047262428742
4.489498347740239
4.488948537248108
4.48839785047336
4.48784630673281
4.487293925140902
4.486740724611515
4.486186723859763
4.4856319414037795
4.4850763955664785
4.4845201044773235
4.483963086074064
4.48340535810447
4.482846938128052
4.482287843517767
4.4817280914617115
4.4811676989648
4.480606682850439
4.480045059762179
4.479482846165356
4.478920058348728
4.478356712426086
4.477792824337866
4.477228409852742
4.476663484569199
4.476098063917114
4.475532163159303
4.4749657973930725
4.4743989815517455
4.473831730406187
4.473264058566308
4.472695980482564
4.472127510447443
4.47155866259693
4.470989450911972
4.470419889219929
4.469849991196009
4.469279770364691
4.468709240101146
4.468138413632631
4.467567304039887
4.4669959242585175
4.466424287080352
4.465852405154809
4.465280290990239
4.464707956955259
4.464135415280078
4.463562678057807
4.462989757245763
4.46241666466676
4.461843412010386
4.461270010834273
4.46069647256536
4.460122808501133
4.459549029810868
4.458975147536859
4.458401172595625
4.457827115779129
4.457252987755961
4.456678799072533
4.456104560154248
4.455530281306668
4.454955972716669
4.454381644453582
4.453807306470335
4.453232968604571
4.452658640579769
4.452084332006348
4.451510052382758
4.450935811096577